function y = plotcantenna()  
y = [14, 0;
14, 0;
14, 0;
13, 0;
14, 0;
14, 0;
14, 0;
14, 0;
14, 0;
14, 0;
14, 0;
14, 0;
14, 0;
14, 0;
12, 0;
14, 0;
14, 0;
14, 0;
14, 0;
15, 0;
14, 0;
13, 0;
14, 0;
14, 0;
14, 0;
14, 0;
13, 0;
14, 0;
14, 0;
14, 0;
14, 0;
14, 0;
14, 0;
13, 0;
14, 0;
14, 0;
14, 0;
13, 0;
14, 0;
14, 0;
14, 0;
14, 0;
14, 0;
15, 0;
13, 0;
14, 0;
14, 0;
13, 0;
14, 0;
13, 0;
14, 0;
14, 0;
14, 0;
14, 0;
12, 0;
14, 0;
16, 0;
14, 0;
13, 0;
13, 0;
14, 0;
14, 0;
13, 0;
14, 0;
14, 0;
14, 0;
14, 0;
13, 0;
14, 0;
14, 0;
14, 0;
14, 0;
13, 0;
13, 0;
14, 0;
14, 0;
14, 0;
14, 0;
14, 0;
14, 0;
14, 0;
14, 0;
13, 0;
14, 0;
14, 0;
14, 0;
14, 0;
13, 0;
14, 0;
14, 0;
13, 0;
14, 0;
14, 0;
14, 0;
14, 0;
14, 0;
14, 0;
14, 0;
14, 0;
14, 0;
13, 0;
14, 0;
14, 0;
14, 0;
14, 0;
14, 0;
14, 0;
14, 0;
14, 0;
14, 0;
14, 0;
14, 0;
13, 0;
14, 0;
14, 0;
13, 0;
14, 0;
14, 0;
14, 0;
14, 0;
14, 0;
14, 0;
13, 0;
14, 0;
14, 0;
14, 0;
14, 0;
14, 0;
14, 0;
14, 0;
14, 0;
14, 0;
14, 0;
14, 0;
13, 0;
14, 0;
14, 0;
14, 0;
14, 0;
14, 0;
13, 0;
14, 0;
14, 0;
14, 0;
14, 0;
14, 0;
14, 0;
14, 0;
14, 0;
14, 0;
14, 0;
14, 0;
14, 0;
12, 0;
13, 0;
14, 0;
14, 0;
13, 0;
14, 0;
14, 0;
14, 0;
13, 0;
13, 0;
14, 0;
13, 0;
15, 0;
14, 0;
14, 0;
14, 0;
13, 0;
14, 0;
14, 0;
13, 0;
13, 0;
14, 0;
11, 0;
11, 0;
14, 0;
12, 0;
12, 0;
11, 0;
12, 0;
11, 0;
11, 0;
12, 0;
11, 0;
11, 0;
11, 0;
12, 0;
12, 0;
11, 0;
12, 0;
12, 0;
12, 0;
11, 0;
11, 0;
12, 0;
12, 0;
11, 0;
11, 0;
12, 0;
12, 0;
11, 0;
13, 0;
11, 0;
11, 0;
13, 0;
12, 0;
11, 0;
12, 0;
12, 0;
12, 0;
12, 0;
12, 0;
11, 0;
12, 0;
13, 0;
12, 0;
11, 0;
11, 0;
12, 0;
11, 0;
12, 0;
12, 0;
10, 0;
11, 0;
12, 0;
12, 0;
11, 0;
11, 0;
12, 0;
12, 0;
11, 0;
11, 0;
12, 0;
12, 0;
11, 0;
11, 0;
9, 0;
14, 0;
12, 0;
11, 0;
11, 0;
12, 0;
12, 0;
12, 0;
12, 0;
12, 0;
11, 0;
11, 0;
12, 0;
10, 0;
12, 0;
11, 0;
12, 0;
11, 0;
12, 0;
9, 0;
11, 0;
11, 0;
12, 0;
11, 0;
11, 0;
11, 0;
12, 0;
12, 0;
12, 0;
11, 0;
11, 0;
12, 0;
12, 0;
11, 0;
11, 0;
12, 0;
11, 0;
10, 0;
11, 0;
11, 0;
10, 0;
11, 0;
10, 0;
11, 0;
11, 0;
10, 0;
10, 0;
11, 0;
11, 0;
10, 0;
12, 0;
11, 0;
11, 0;
10, 0;
11, 0;
11, 0;
10, 0;
11, 0;
10, 0;
11, 0;
11, 0;
10, 0;
10, 0;
11, 0;
10, 0;
11, 0;
11, 0;
11, 0;
10, 0;
10, 0;
11, 0;
10, 0;
11, 0;
11, 0;
10, 0;
10, 0;
11, 0;
10, 0;
8, 50;
11, 0;
11, 0;
11, 0;
10, 0;
11, 0;
10, 0;
10, 0;
11, 0;
11, 0;
10, 0;
10, 0;
11, 0;
10, 0;
10, 0;
11, 0;
11, 0;
10, 0;
10, 0;
11, 0;
11, 0;
10, 0;
11, 0;
11, 0;
11, 0;
11, 0;
10, 0;
10, 0;
11, 0;
10, 0;
10, 0;
10, 0;
11, 0;
10, 0;
11, 0;
11, 0;
10, 0;
10, 0;
13, 0;
11, 0;
10, 0;
10, 0;
11, 0;
11, 0;
13, 0;
11, 0;
10, 0;
11, 0;
11, 0;
10, 0;
10, 0;
10, 0;
11, 0;
11, 0;
11, 0;
11, 0;
10, 0;
10, 0;
10, 0;
16, 0;
16, 0;
18, 0;
16, 0;
16, 0;
15, 0;
16, 0;
15, 0;
17, 0;
16, 0;
16, 0;
16, 0;
16, 0;
18, 0;
16, 0;
16, 0;
16, 0;
16, 0;
16, 0;
16, 0;
16, 0;
16, 0;
16, 0;
16, 0;
16, 0;
16, 0;
16, 0;
15, 0;
16, 0;
16, 0;
16, 0;
16, 0;
16, 0;
16, 0;
16, 0;
15, 0;
16, 0;
17, 0;
17, 0;
15, 0;
16, 0;
16, 0;
16, 0;
15, 0;
14, 0;
16, 0;
16, 0;
16, 0;
16, 0;
16, 0;
16, 0;
16, 0;
16, 0;
16, 0;
16, 0;
16, 0;
16, 0;
15, 0;
16, 0;
18, 0;
16, 0;
16, 0;
16, 0;
16, 0;
16, 0;
16, 0;
16, 0;
18, 0;
16, 0;
16, 0;
16, 0;
16, 0;
16, 0;
16, 0;
16, 0;
15, 0;
17, 0;
16, 0;
14, 0;
15, 0;
16, 0;
16, 0;
16, 0;
18, 0;
16, 0;
19, 0;
15, 0;
16, 0;
16, 0;
16, 0;
16, 0;
16, 0;
16, 0;
15, 0;
16, 0;
16, 0;
16, 0;
14, 0;
16, 0;
15, 0;
26, 0;
26, 0;
26, 0;
26, 0;
26, 0;
26, 0;
25, 0;
25, 0;
26, 0;
26, 0;
26, 0;
25, 0;
25, 0;
26, 0;
26, 0;
26, 0;
25, 0;
26, 0;
26, 0;
26, 0;
26, 0;
28, 0;
25, 0;
26, 0;
28, 0;
26, 0;
25, 0;
27, 0;
27, 0;
26, 0;
26, 0;
26, 0;
26, 0;
26, 0;
25, 0;
26, 0;
26, 0;
26, 0;
26, 0;
26, 0;
26, 0;
26, 0;
26, 0;
26, 0;
26, 0;
26, 0;
26, 0;
26, 0;
26, 0;
25, 0;
26, 0;
26, 0;
26, 0;
26, 0;
26, 0;
25, 0;
26, 0;
26, 0;
26, 0;
26, 0;
25, 0;
26, 0;
26, 0;
26, 0;
26, 0;
26, 0;
26, 0;
26, 0;
26, 0;
26, 0;
26, 0;
26, 0;
26, 0;
26, 0;
26, 0;
26, 0;
25, 0;
26, 0;
26, 0;
26, 0;
26, 0;
26, 0;
26, 0;
25, 0;
26, 0;
29, 0;
26, 0;
26, 0;
26, 0;
27, 0;
26, 0;
25, 0;
25, 0;
26, 0;
26, 0;
25, 0;
26, 0;
26, 0;
25, 0;
26, 0;
26, 0;
25, 0;
26, 0;
27, 0;
26, 0;
26, 0;
26, 0;
24, 0;
26, 0;
25, 0;
24, 0;
26, 0;
26, 0;
25, 0;
26, 0;
26, 0;
26, 0;
26, 0;
26, 0;
25, 0;
26, 0;
26, 0;
25, 0;
26, 0;
26, 0;
26, 0;
26, 0;
26, 0;
26, 0;
23, 0;
26, 0;
24, 0;
25, 0;
26, 0;
26, 0;
25, 0;
26, 0;
26, 0;
25, 0;
26, 0;
26, 0;
26, 0;
26, 0;
23, 0;
26, 0;
25, 0;
26, 0;
26, 0;
26, 0;
26, 0;
26, 0;
26, 0;
26, 0;
26, 0;
26, 0;
26, 0;
25, 0;
26, 0;
26, 0;
26, 0;
26, 0;
26, 0;
26, 0;
26, 0;
25, 0;
26, 0;
25, 0;
26, 0;
26, 0;
26, 0;
25, 0;
26, 0;
28, 0;
25, 0;
26, 0;
26, 0;
26, 0;
26, 0;
26, 0;
26, 0;
26, 0;
25, 0;
25, 0;
26, 0;
26, 0;
26, 0;
27, 0;
26, 0;
26, 0;
26, 0;
26, 0;
26, 0;
26, 0;
26, 0;
26, 0;
26, 0;
26, 0;
26, 0;
26, 0;
26, 0;
12, 0;
13, 0;
13, 0;
13, 0;
13, 0;
13, 0;
13, 0;
13, 0;
13, 0;
13, 0;
12, 0;
13, 0;
13, 0;
12, 0;
13, 0;
13, 0;
13, 0;
12, 0;
13, 0;
13, 0;
13, 0;
12, 0;
13, 0;
13, 0;
13, 0;
12, 0;
13, 0;
13, 0;
13, 0;
12, 0;
12, 0;
13, 0;
13, 0;
13, 0;
13, 0;
12, 0;
13, 0;
13, 0;
12, 0;
12, 0;
13, 0;
13, 0;
13, 0;
12, 0;
13, 0;
13, 0;
]
;

end
